% -------------------------------------------------------------------
%  Generated by MATLAB on 25-Oct-2022 21:10:01
%  MATLAB version: 9.12.0.1884302 (R2022a)
% -------------------------------------------------------------------
                                 
