% -------------------------------------------------------------------
%  Generated by MATLAB on 6-Apr-2022 00:33:07
%  MATLAB version: 9.12.0.1884302 (R2022a)
% -------------------------------------------------------------------
                                     

aerodatabase = struct;
aerodatabase.tablolar = struct;
aerodatabase.tablolar.CL = [0.28; 0.3];
aerodatabase.tablolar.CD = [0.03; 0.038];
aerodatabase.tablolar.CL_a = [3.45; 4];
aerodatabase.tablolar.CD_a = [0.3; 0.56];
aerodatabase.tablolar.Cm_a = [-0.38; -0.41];
aerodatabase.tablolar.CL_a_dot = [0.72; 1.12];
aerodatabase.tablolar.Cm_a_dot = [-1.1; -1.65];
aerodatabase.tablolar.CL_q = [0; 0];
aerodatabase.tablolar.Cm_q = [-3.6; -4.3];
aerodatabase.tablolar.CL_M = [0; 0.15];
aerodatabase.tablolar.CD_M = [0; 0.03];
aerodatabase.tablolar.Cm_M = [0; -0.05];
aerodatabase.tablolar.CL_de = [0.36; 0.4];
aerodatabase.tablolar.Cm_de = [-0.5; -0.6];
aerodatabase.tablolar.Cy_B = [-0.98; -1.04];
aerodatabase.tablolar.Cl_B = [-0.12; -0.14];
aerodatabase.tablolar.Cn_B = [0.25; 0.27];
aerodatabase.tablolar.Cl_p = [-0.26; -24];
aerodatabase.tablolar.Cn_p = [0.022; 0.029];
aerodatabase.tablolar.Cl_r = [0.14; 0.17];
aerodatabase.tablolar.Cn_r = [-0.35; -0.39];
aerodatabase.tablolar.Cl_da = [0.08; 0.072];
aerodatabase.tablolar.Cn_da = [0.06; 0.04];
aerodatabase.tablolar.Cy_dr = [0.17; 0.17];
aerodatabase.tablolar.Cl_dr = [-0.105; -0.105];
aerodatabase.tablolar.Cn_dr = [0.032; 0.032];
aerodatabase.bps = struct;
aerodatabase.bps.Mach = [0.4; 0.8];

